    Epoch  Train Accuracy  Validation Accuracy
0       1            0.54                 0.82
1       2            0.75                 0.82
2       3            0.79                 0.18
3       4            0.81                 0.82
4       5            0.78                 0.18
5       6            0.83                 0.18
6       7            0.82                 0.76
7       8            0.83                 0.18
8       9            0.82                 0.82
9      10            0.83                 0.82
10     11            0.83                 0.18
11     12            0.82                 0.18
12     13            0.83                 0.82
13     14            0.83                 0.82
14     15            0.82                 0.37
15     16            0.82                 0.82
16     17            0.83                 0.18
17     18            0.84                 0.82
18     19            0.85                 0.18